person 0.1015625 0.384765625 0.123046875 0.5302734375
car 0.23828125 0.3857421875 0.3505859375 0.53125
car 0.46630859375 0.416015625 0.54638671875 0.5400390625
car 0.54248046875 0.4169921875 0.57470703125 0.474609375
car 0.35400390625 0.4130859375 0.40771484375 0.4970703125
car 0.39306640625 0.4052734375 0.42333984375 0.4755859375
car 0.42333984375 0.4248046875 0.4345703125 0.4716796875
car 0.42578125 0.4140625 0.44677734375 0.4638671875
car 0.44775390625 0.419921875 0.458984375 0.455078125
person 0.669921875 0.384765625 0.68994140625 0.515625
person 0.615234375 0.388671875 0.6240234375 0.4873046875
person 0.6259765625 0.3984375 0.63232421875 0.4638671875
person 0.89013671875 0.3798828125 0.91357421875 0.552734375
person 0.8798828125 0.3798828125 0.88916015625 0.5517578125
person 0.82763671875 0.3828125 0.86669921875 0.5810546875
person 0.7431640625 0.3505859375 0.7802734375 0.609375
person 0.7822265625 0.35546875 0.80029296875 0.59765625
person 0.80224609375 0.3603515625 0.8271484375 0.5849609375
