car 0.00146484375 0.451171875 0.0478515625 0.5400390625
car 0.18310546875 0.4716796875 0.2060546875 0.498046875
car 0.24853515625 0.4384765625 0.30419921875 0.486328125
car 0.37353515625 0.447265625 0.419921875 0.4921875
car 0.4306640625 0.384765625 0.55908203125 0.59765625
car 0.57177734375 0.3896484375 0.6875 0.5498046875
car 0.6875 0.3896484375 0.76171875 0.5146484375
car 0.76611328125 0.3642578125 0.97900390625 0.611328125
person 0.091796875 0.4736328125 0.10302734375 0.521484375
car 0.1611328125 0.4677734375 0.177734375 0.4990234375
