car 0.2041015625 0.408203125 0.25146484375 0.486328125
car 0.3125 0.3984375 0.3798828125 0.509765625
car 0.43505859375 0.4169921875 0.47705078125 0.4775390625
car 0.3876953125 0.4169921875 0.42578125 0.4765625
car 0.5068359375 0.4189453125 0.54150390625 0.47265625
car 0.54150390625 0.4140625 0.57470703125 0.4658203125
car 0.72509765625 0.36328125 0.95458984375 0.607421875
person 0.65966796875 0.376953125 0.6806640625 0.5107421875
person 0.61279296875 0.3935546875 0.62548828125 0.482421875
person 0.07275390625 0.416015625 0.08837890625 0.5029296875
person 0.6865234375 0.369140625 0.71142578125 0.5166015625
